370735
370581
370811
370618
370738
370688
370680
370750
370677
370612
370789
370753
370627
370632
370634
370793
370613
370624
370822
370639
370819
370761
370698
370593
370758
370801
370642
370816
370739
370778
370661
370696
370755
370757
370821
370666
370637
370659
370691
370768
370823
370653
370622
370685
370804
370667
370800
370630
370585
370782
370596
370734
370675
370721
370582
370775
370621
370726
370732
370796
370818
370616
370748
370783
370609
370699
370660
370717
370577
370747
370681
370744
370769
370797
370694
370772
370786
370715
370824
370741
370633
370729
370712
370678
370590
370687
370684
370788
370781
370716
370774
370682
370674
370610
370792
370776
370626
370603
370594
370817
370598
370756
370771
370718
370743
370701
370770
370673
370579
370611
370728
370638
370766
370700
370595
370767
370723
370795
370658
370740
370652
370599
370648
370787
370708
370794
370762
370807
370608
370647
370773
370737
370711
370695
370683
370604
370588
370733
370802
370719
370760
370689
370705
370763
370662
370751
370812
370798
370742
370650
370765
370649
370669
370808
370601
370745
370583
370591
370725
370615
370679
370754
370656
370686
370714
370644
370803
370623
370805
370580
370636
370668
370693
370764
370671
370710
370629
370584
370651
370617
370713
370724
370780
370813
370620
370602
370746
370655
370631
370825
370707
370654
370779
370722
370704
370578
370643
370784
370730
370587
370645
370605
370586
370625
370676
370635
370592
370597
370777
370589
370670
370720
370727
370752
370606
370820
370607
370736
370641
370706
370646
370692
370663
370664
370702
370709
370749
370657
370640
370799
370614
370814
370690
370697
370815
370809
370791
370703
370731
370785
370790
370810
370628
370806
370665
370759
370619
370600
370672
